<?xml version="1.0" encoding="UTF-8"?>
<CameraCalibration>
<Extrinsics>
0.9999966025 -0.0025337862 -0.0005900971 0.0005827429
0.0025299878 0.9999766350 -0.0063511827 0.0047758357
0.0006061758 0.0063496684 0.9999796748 0.0001857762
0.0000000000 0.0000000000 0.0000000000 1.0000000000</Extrinsics>
<Intrinsics>
640.5166625977 0.0000000000 397.3724060059
0.0000000000 641.1045532227 258.2959289551
0.0000000000 0.0000000000 1.0000000000</Intrinsics>
<Distortion>
<Radial>
-0.4240987599 0.1727154106 0.0000000000</Radial>
<Tangential>
0.0003725932 -0.0002834013</Tangential>
</Distortion>
</CameraCalibration>
